0,393
0,511
0,501
14,86
14,26
0,497
343,10
343,9
343,8
327,7
327,6
325,7
325,6
341,11
341,10
341,9
342,11
342,10
342,9
336,9
336,8
336,7
339,10
339,9
339,8
322,8
322,7
333,10
333,9
333,8
323,10
323,9
323,8
337,10
337,9
337,8
23,2
23,0
14,81
14,98
0,441
0,422
507,21
0,412
436,18
436,17
422,23
0,294
507,20
0,448
0,438
0,428
14,87
14,88
0,306
0,401
0,397
0,392
0,391
0,387
0,307
0,286
436,16
422,22
507,19
436,15
0,504
0,416
0,411
0,305
0,292
0,283
0,488
422,21
0,487
0,483
507,18
0,291
422,20
0,282
0,281
436,14
0,445
507,17
0,435
0,425
0,394
0,478
0,389
436,13
0,477
0,290
0,280
0,274
0,284
422,19
0,452
0,443
507,16
0,432
0,427
0,426
0,476
0,418
0,417
436,12
0,413
0,399
507,15
436,11
436,10
0,468
0,303
0,285
14,82
507,14
0,279
0,309
0,301
0,297
0,295
0,293
0,288
0,287
0,277
0,444
0,434
422,18
429,15
0,547
14,102
0,537
325,3
327,3
0,404
0,403
0,515
14,83
0,463
0,2
0,462
0,507
429,14
422,17
0,490
0,5
422,16
0,530
0,480
0,544
0,474
429,13
0,538
0,460
0,526
0,433
0,528
0,455
0,522
0,520
0,486
0,512
0,318
0,400
0,532
0,395
429,12
0,313
0,310
0,319
422,15
0,304
0,509
327,8
327,5
325,8
0,311
429,11
429,10
429,9
0,300
0,243
0,299
0,298
507,13
507,12
507,11
0,296
487,12
0,546
322,3
322,9
0,267
0,266
0,263
0,262
0,261
0,260
0,253
0,242
0,240
0,239
0,229
0,225
0,224
0,223
0,222
0,221
0,220
0,219
0,218
0,217
0,215
0,213
0,212
0,194
0,193
0,192
0,63
0,545
0,62
0,61
0,60
0,514
0,59
0,489
0,58
0,57
0,524
0,56
0,55
0,54
0,534
0,53
0,52
0,51
0,47
0,45
23,34
23,33
23,32
23,31
23,30
23,29
23,28
23,27
23,26
23,25
23,24
23,23
23,22
23,21
23,20
23,19
23,18
23,17
23,16
23,15
23,14
23,13
23,12
23,11
23,10
23,9
23,8
23,7
23,6
23,5
23,4
23,3
0,50
0,539
0,49
0,531
0,48
0,535
0,46
0,6
0,268
0,508
0,264
0,518
0,265
0,570
0,259
0,258
0,257
0,1
0,491
0,475
0,256
0,314
0,255
0,505
0,254
0,252
0,485
0,251
0,470
0,250
507,10
487,11
0,247
0,249
0,289
0,248
0,521
0,246
0,245
0,543
0,244
0,529
0,241
0,523
0,238
0,469
0,237
0,312
0,236
0,473
0,235
0,525
0,234
0,308
0,233
0,495
0,232
0,494
0,231
0,479
0,230
0,550
0,228
0,315
0,227
0,226
0,214
0,472
14,79
0,575
0,211
0,210
0,471
0,209
0,503
0,208
0,207
0,206
0,517
0,205
0,500
0,204
0,540
0,203
0,202
0,542
0,199
0,201
0,541
0,200
0,506
0,527
529,5
0,196
524,627
524,626
524,625
524,624
524,623
524,622
524,621
524,620
529,135
524,619
528,1407
528,1406
528,1405
524,618
0,302
524,617
529,134
524,616
524,615
529,133
524,614
524,613
529,132
524,612
524,611
524,610
524,609
524,608
524,607
524,606
529,131
524,605
524,604
524,603
524,602
524,601
524,600
524,599
524,598
524,597
524,596
524,595
524,594
524,593
524,592
529,130
524,591
524,590
524,589
524,588
524,587
524,586
524,585
529,129
524,584
524,583
524,582
524,581
524,580
524,579
524,578
524,577
524,576
529,128
524,537
524,536
524,535
524,534
524,533
524,532
524,531
524,530
524,529
529,127
524,528
524,527
524,526
524,525
524,524
524,523
524,522
524,521
524,520
524,519
524,518
524,517
524,516
529,126
524,515
524,514
524,513
524,512
529,125
528,1404
528,1403
529,124
528,1402
528,1401
528,1400
528,1399
529,123
528,1398
524,42
524,41
528,1397
528,1396
528,1395
528,1394
529,122
528,1393
528,1392
528,1391
529,4
528,1390
529,121
529,120
528,1389
528,1388
529,119
528,1387
528,1386
529,118
528,1385
528,1384
528,1383
0,566
0,198
14,71
14,3
0,197
0,519
13,3
0,533
0,195
14,11
14,19
422,14
0,385
0,552
0,548
0,567
0,457
0,461
0,458
0,216
0,557
0,561
0,558
0,456
0,447
0,560
0,555
0,554
0,556
0,467
0,466
0,574
0,562
0,465
0,464
0,553
14,64
0,573
0,551
0,559
0,572
14,68
14,6
0,459
0,439
0,437
0,436
32,3
32,4
14,66
14,72
14,27
0,549
0,317
0,423
14,65
14,76
14,73
14,14
29,3
29,4
0,407
14,74
0,405
79,3
14,28
0,565
0,0
528,1382
528,1381
528,1380
528,1379
528,1378
528,1377
528,1376
528,1375
529,117
529,116
0,414
0,388
524,447
529,115
524,446
524,445
524,444
524,443
524,442
524,441
524,440
524,439
524,438
529,114
524,437
524,436
524,435
524,434
524,433
524,432
524,431
524,430
524,429
524,428
524,427
524,426
529,113
524,425
524,424
524,423
524,422
524,421
524,420
524,419
524,418
524,417
524,416
524,319
524,318
529,112
524,317
524,316
524,315
524,314
524,313
524,312
524,311
524,310
524,309
524,308
529,111
524,307
528,1374
528,1373
524,511
524,510
528,1372
524,509
0,398
528,1371
524,508
524,507
524,506
529,110
524,505
524,504
528,1370
528,1369
524,503
528,1368
524,502
524,501
528,1367
528,1366
524,500
529,109
528,1365
524,499
524,498
524,497
524,496
524,40
524,495
529,108
524,494
528,1364
528,1363
524,493
529,107
524,492
524,491
529,106
524,490
524,489
528,1362
528,1361
524,488
529,105
524,487
524,486
524,485
524,484
524,483
524,482
524,481
528,1360
528,1359
524,480
529,104
524,479
528,1358
528,1357
524,478
524,477
529,103
524,476
524,475
529,102
524,474
524,473
529,101
524,472
528,1356
528,1355
524,471
528,1354
528,1353
528,1352
524,470
524,469
524,468
524,467
524,39
524,37
528,1351
529,38
524,466
528,1350
528,1349
528,1348
528,1347
528,1346
528,1345
528,1344
529,100
524,465
528,1323
524,464
528,1322
528,1321
528,1320
528,1319
528,1318
528,1317
528,1316
528,1315
528,1314
528,1313
528,1312
528,1311
528,1310
528,1309
528,1308
528,1307
524,463
528,1306
528,1305
524,462
528,1304
528,1303
528,1302
528,1301
528,1300
524,461
528,1299
528,1298
528,1297
528,1296
528,1295
524,460
529,99
528,1294
524,459
524,458
528,1293
528,1292
528,1291
528,1290
528,1289
528,1288
528,1287
528,1286
528,1285
524,457
529,98
528,1284
528,1283
528,1282
528,1281
528,1280
524,456
528,622
528,621
528,620
524,455
528,619
528,618
528,617
524,454
524,453
529,97
524,452
528,1279
528,1278
528,1277
528,1276
528,1275
528,1274
528,1273
528,1272
528,1271
528,1270
528,1269
528,1268
528,1267
528,1266
528,1265
528,1264
528,1263
528,1262
528,1261
528,1260
528,1259
528,1258
528,1257
528,1256
524,451
528,1255
528,1254
528,1253
528,1252
528,1251
528,1250
528,1249
528,1248
524,450
528,1247
528,1246
528,1245
528,1244
528,1243
528,1242
528,1241
528,1240
524,449
524,448
529,96
524,415
524,414
524,413
524,412
524,411
524,410
524,409
524,408
524,407
524,406
524,405
524,404
524,403
524,402
524,401
524,400
524,399
524,398
524,397
524,396
524,395
524,394
524,393
524,392
524,391
524,390
524,389
524,388
524,387
524,386
524,385
524,384
524,306
524,305
524,304
524,303
524,302
524,191
524,190
524,189
524,188
524,187
524,186
524,185
524,184
524,183
524,182
524,181
524,180
524,179
524,178
524,383
524,382
524,381
524,380
524,379
524,378
524,377
524,376
524,375
524,374
524,373
524,372
528,1239
528,1238
524,371
528,1237
528,1236
524,370
529,37
524,369
529,95
524,368
528,1235
528,1234
528,1233
528,1232
528,1231
528,1230
528,1229
528,1228
528,1227
528,1226
528,1225
528,1224
528,1223
528,1222
528,1221
528,1220
528,1219
528,1218
528,1217
524,367
528,1216
528,1189
528,1188
524,366
528,1187
528,1186
524,365
528,1185
528,1184
528,1183
528,1182
524,364
524,363
524,362
524,361
524,360
524,359
529,94
528,1181
528,1180
528,1179
528,1178
528,1177
528,1176
524,358
524,357
524,356
524,355
529,93
528,1175
528,1174
524,354
528,1173
524,353
528,1172
528,1171
528,1170
528,1169
528,1168
528,1167
528,1166
528,1165
528,1164
528,1163
528,1162
524,352
524,351
529,92
528,1161
524,350
527,7
527,6
528,1160
528,1159
528,1158
528,1157
524,349
528,1156
528,1155
524,348
528,1154
528,1153
524,347
529,91
528,1152
524,346
528,616
528,615
529,90
524,345
528,1126
528,1125
528,1124
528,1123
528,1122
528,1121
528,1120
528,1119
528,1118
528,1117
528,1116
528,1115
528,1114
528,1113
528,1112
528,1111
528,1110
528,1109
528,1108
528,1107
528,1106
528,1105
528,1104
528,1103
528,1102
528,1101
528,1100
528,1099
528,1098
528,1097
528,1096
528,1095
528,1094
528,1093
528,1092
528,1091
528,1090
528,1089
528,1088
528,1087
528,1086
528,1085
528,1084
528,1083
528,1082
528,1081
528,1080
528,1079
528,1078
528,1077
528,1076
528,1075
528,1074
528,1073
528,1072
528,1071
528,1070
528,1069
528,1068
528,1067
528,1066
528,1065
528,1064
528,1063
528,1062
528,1061
528,1060
528,1059
528,1058
528,1057
528,1056
528,1055
528,1054
528,1053
528,1052
528,1051
528,1050
528,1049
528,1048
528,1047
528,1046
528,1045
528,1044
528,1043
528,1042
528,1041
528,1040
528,1039
528,1038
528,1037
528,1036
528,1035
528,1034
528,1033
528,1032
528,1031
528,1030
528,1029
528,1028
528,1027
528,1026
528,1025
528,1024
528,1023
528,1022
528,1021
528,1020
528,1019
528,1018
528,1017
528,1016
528,1015
528,1014
528,1013
528,1012
528,1011
528,1010
528,1009
528,1008
528,1007
528,1006
528,1005
528,1004
528,1003
528,1002
528,1001
528,1000
528,999
528,998
528,997
528,996
528,995
528,994
528,993
528,992
528,991
528,990
528,989
528,988
528,987
528,986
528,985
528,984
528,983
528,982
528,981
528,980
528,979
528,978
528,977
528,976
528,975
528,974
528,973
528,972
528,971
528,970
528,969
528,968
528,967
528,966
528,965
528,964
528,963
528,962
528,961
528,960
528,959
528,958
528,957
528,956
528,955
528,954
528,953
528,952
528,951
528,950
528,949
528,948
528,947
528,946
528,945
528,944
528,943
528,942
528,941
528,940
528,939
528,938
528,937
528,936
528,935
528,934
528,933
528,932
528,931
528,930
528,929
528,928
528,927
528,926
528,925
528,924
528,923
528,922
528,921
528,920
528,919
528,918
528,917
528,916
528,915
528,914
528,913
528,912
528,911
528,910
528,909
528,908
528,907
528,906
528,905
528,904
528,903
528,902
528,901
524,344
528,900
528,899
528,898
528,897
528,896
528,891
528,890
528,889
524,343
528,888
524,342
528,887
524,341
524,340
529,89
524,339
524,338
528,886
524,337
524,336
529,88
524,335
524,334
529,87
524,333
524,332
524,331
529,86
524,330
524,329
529,85
524,328
524,327
524,326
529,84
524,325
524,324
529,83
524,323
524,322
524,321
529,82
524,320
524,301
529,81
524,300
524,299
529,80
524,298
524,297
524,296
529,79
524,295
524,294
524,293
529,78
524,292
524,291
524,290
529,77
524,289
524,288
529,76
528,885
528,884
528,883
524,287
528,882
528,881
528,880
528,879
528,878
528,877
528,876
528,875
528,874
528,873
528,872
528,871
528,870
528,869
528,868
528,867
528,866
528,865
528,864
528,863
528,862
528,861
528,860
528,859
528,858
528,857
528,856
528,855
524,286
528,854
528,853
528,852
528,851
524,285
528,850
524,284
528,849
528,848
528,847
524,283
528,846
529,75
528,845
528,844
528,843
528,842
524,282
528,841
528,840
524,281
524,280
528,839
528,838
528,837
528,836
528,835
528,834
524,279
524,278
524,277
524,276
528,833
528,832
524,275
529,74
528,825
528,824
528,823
528,822
528,821
528,820
528,819
524,274
528,818
528,817
528,816
528,815
524,273
529,73
524,272
528,814
528,813
528,812
528,811
528,810
528,809
524,271
528,808
528,807
528,806
529,72
528,805
528,804
524,270
524,269
528,803
524,268
528,802
528,801
528,800
528,799
528,798
528,797
528,796
524,267
528,795
528,794
528,793
528,792
528,791
528,790
528,789
528,788
528,787
528,786
528,785
528,784
524,266
524,265
528,783
528,782
528,781
528,780
528,779
528,778
528,777
528,776
528,775
528,774
528,773
529,71
528,772
524,264
528,771
528,770
528,769
528,768
528,614
528,613
528,612
528,611
524,263
524,262
528,610
528,609
528,608
524,261
528,607
528,606
528,605
528,604
528,603
528,602
528,601
528,600
524,260
528,599
524,259
524,258
529,70
528,575
528,574
528,573
528,572
528,571
528,570
528,569
528,568
528,567
524,257
528,566
528,565
528,564
524,256
524,255
524,254
524,253
529,69
528,563
524,252
528,562
528,561
528,560
528,559
524,251
528,558
528,557
528,556
528,555
528,554
524,250
528,553
528,552
524,249
528,551
528,550
528,549
528,548
528,547
528,546
529,68
528,545
524,248
528,705
528,704
528,703
528,702
528,701
528,700
528,699
528,698
528,697
528,696
528,695
528,694
528,693
524,247
524,246
528,692
528,691
529,67
524,245
528,690
524,244
528,689
528,688
528,687
528,686
524,243
528,685
524,242
524,241
528,684
524,240
528,683
528,682
528,681
524,239
529,66
524,238
524,237
524,236
528,680
528,679
528,678
528,677
528,676
528,675
528,674
528,673
528,672
528,671
528,670
528,669
528,668
528,667
528,666
528,665
528,664
528,663
528,662
528,661
528,660
528,659
528,658
524,235
529,65
528,657
528,656
528,655
528,654
524,38
524,234
528,653
528,652
528,651
528,650
528,649
524,233
528,648
524,232
528,647
528,646
524,231
528,645
528,644
524,230
528,643
528,642
528,641
528,640
528,598
524,229
528,597
528,596
528,595
528,594
524,228
528,593
528,592
528,591
528,590
528,589
528,588
528,587
528,586
528,585
529,64
528,584
528,583
528,582
528,581
528,580
528,579
524,227
528,578
528,577
528,576
528,544
528,543
528,542
528,541
528,540
528,539
528,538
528,537
528,536
528,535
528,534
528,533
528,532
528,531
528,530
528,529
528,528
528,527
528,526
528,525
528,524
528,523
528,522
528,521
528,520
528,519
528,518
528,517
528,516
528,515
528,514
528,513
528,512
528,511
528,510
528,509
528,508
528,507
528,506
528,505
528,504
528,503
528,502
528,501
528,500
528,499
528,498
528,497
528,496
528,495
528,494
528,493
528,492
528,491
528,490
528,489
528,488
528,487
528,486
528,485
528,484
528,483
528,482
528,481
528,480
528,479
528,478
528,477
528,476
528,475
528,474
528,473
528,472
528,471
528,470
528,469
528,468
528,467
528,466
528,465
528,464
528,463
528,462
528,461
528,460
528,459
528,458
528,457
528,456
528,455
528,454
528,453
528,452
528,451
528,450
528,449
528,448
528,447
528,446
528,445
528,444
528,443
528,442
528,441
528,440
528,439
528,438
528,437
528,436
528,435
528,434
528,433
528,432
528,431
528,430
528,429
528,428
528,427
528,426
528,425
528,424
528,423
528,422
528,421
528,420
528,419
528,418
528,417
528,416
528,415
528,414
528,413
528,412
528,411
528,410
528,409
528,408
528,407
528,406
528,405
528,404
528,403
528,402
528,401
528,400
528,399
528,398
528,397
528,396
528,395
528,394
528,393
528,392
528,391
528,390
528,389
528,388
528,387
528,386
528,385
528,384
528,319
528,318
528,317
528,316
528,255
528,254
528,253
528,252
528,251
528,250
528,249
528,248
528,191
528,190
528,189
528,188
528,187
528,186
528,185
528,184
528,183
528,182
528,181
528,180
528,383
528,382
528,381
